(kicad_pcb (version 20171130) (host pcbnew "(5.1.6)-1")

  (general
    (thickness 1.6)
    (drawings 58)
    (tracks 0)
    (zones 0)
    (modules 53)
    (nets 36)
  )

  (page A4)
  (title_block
    (title "Power switch for test bench")
    (date 2020-09-24)
    (rev 0.1.0)
    (company LAPLACE)
    (comment 1 "Arnauld Biganzoli")
    (comment 2 arnauld.biganzoli@gmail.com)
  )

  (layers
    (0 F.Cu signal)
    (31 B.Cu signal)
    (32 B.Adhes user)
    (33 F.Adhes user)
    (34 B.Paste user)
    (35 F.Paste user)
    (36 B.SilkS user)
    (37 F.SilkS user)
    (38 B.Mask user)
    (39 F.Mask user)
    (40 Dwgs.User user)
    (41 Cmts.User user)
    (42 Eco1.User user)
    (43 Eco2.User user)
    (44 Edge.Cuts user)
    (45 Margin user)
    (46 B.CrtYd user)
    (47 F.CrtYd user)
    (48 B.Fab user)
    (49 F.Fab user)
  )

  (setup
    (last_trace_width 0.8)
    (user_trace_width 0.4)
    (trace_clearance 0.4)
    (zone_clearance 0.508)
    (zone_45_only no)
    (trace_min 0.2)
    (via_size 2.8)
    (via_drill 0.8)
    (via_min_size 0.4)
    (via_min_drill 0.3)
    (uvia_size 0.3)
    (uvia_drill 0.1)
    (uvias_allowed no)
    (uvia_min_size 0.2)
    (uvia_min_drill 0.1)
    (edge_width 0.1)
    (segment_width 0.2)
    (pcb_text_width 0.3)
    (pcb_text_size 1.5 1.5)
    (mod_edge_width 0.15)
    (mod_text_size 1 1)
    (mod_text_width 0.15)
    (pad_size 6.4 6.4)
    (pad_drill 3.2)
    (pad_to_mask_clearance 0)
    (aux_axis_origin 0 0)
    (grid_origin 37.2 37.6)
    (visible_elements 7FFFFFFF)
    (pcbplotparams
      (layerselection 0x010fc_ffffffff)
      (usegerberextensions false)
      (usegerberattributes true)
      (usegerberadvancedattributes true)
      (creategerberjobfile true)
      (excludeedgelayer true)
      (linewidth 0.100000)
      (plotframeref false)
      (viasonmask false)
      (mode 1)
      (useauxorigin false)
      (hpglpennumber 1)
      (hpglpenspeed 20)
      (hpglpendiameter 15.000000)
      (psnegative false)
      (psa4output false)
      (plotreference true)
      (plotvalue true)
      (plotinvisibletext false)
      (padsonsilk false)
      (subtractmaskfromsilk false)
      (outputformat 1)
      (mirror false)
      (drillshape 1)
      (scaleselection 1)
      (outputdirectory ""))
  )

  (net 0 "")
  (net 1 GND1)
  (net 2 "Net-(D1-Pad2)")
  (net 3 "Net-(D2-Pad2)")
  (net 4 "Net-(D3-Pad2)")
  (net 5 "Net-(D4-Pad2)")
  (net 6 "Net-(D5-Pad2)")
  (net 7 "Net-(D6-Pad2)")
  (net 8 "Net-(D7-Pad2)")
  (net 9 "Net-(D8-Pad2)")
  (net 10 GND2)
  (net 11 "Net-(R1-Pad2)")
  (net 12 "Net-(R2-Pad2)")
  (net 13 "Net-(R3-Pad2)")
  (net 14 "Net-(R4-Pad2)")
  (net 15 "Net-(R5-Pad2)")
  (net 16 "Net-(R6-Pad2)")
  (net 17 "Net-(R7-Pad2)")
  (net 18 "Net-(R8-Pad2)")
  (net 19 Alim_V1)
  (net 20 RELAY_V1-)
  (net 21 RELAY_V1+)
  (net 22 Keithley_VA)
  (net 23 +5V)
  (net 24 Alim_V2)
  (net 25 Alim_V3)
  (net 26 Keithley_VB)
  (net 27 Alim_V4)
  (net 28 RELAY_V2+)
  (net 29 RELAY_V3+)
  (net 30 RELAY_V4+)
  (net 31 RELAY_V2-)
  (net 32 RELAY_V3-)
  (net 33 RELAY_V4-)
  (net 34 "Net-(J12-1-Pad2)")
  (net 35 "Net-(J12-2-Pad2)")

  (net_class Default "Ceci est la Netclass par défaut."
    (clearance 0.4)
    (trace_width 0.8)
    (via_dia 2.8)
    (via_drill 0.8)
    (uvia_dia 0.3)
    (uvia_drill 0.1)
    (add_net +5V)
    (add_net Alim_V1)
    (add_net Alim_V2)
    (add_net Alim_V3)
    (add_net Alim_V4)
    (add_net Keithley_VA)
    (add_net Keithley_VB)
    (add_net "Net-(D1-Pad2)")
    (add_net "Net-(D2-Pad2)")
    (add_net "Net-(D3-Pad2)")
    (add_net "Net-(D4-Pad2)")
    (add_net "Net-(D5-Pad2)")
    (add_net "Net-(D6-Pad2)")
    (add_net "Net-(D7-Pad2)")
    (add_net "Net-(D8-Pad2)")
    (add_net "Net-(J12-1-Pad2)")
    (add_net "Net-(J12-2-Pad2)")
    (add_net "Net-(R1-Pad2)")
    (add_net "Net-(R2-Pad2)")
    (add_net "Net-(R3-Pad2)")
    (add_net "Net-(R4-Pad2)")
    (add_net "Net-(R5-Pad2)")
    (add_net "Net-(R6-Pad2)")
    (add_net "Net-(R7-Pad2)")
    (add_net "Net-(R8-Pad2)")
    (add_net RELAY_V1+)
    (add_net RELAY_V1-)
    (add_net RELAY_V2+)
    (add_net RELAY_V2-)
    (add_net RELAY_V3+)
    (add_net RELAY_V3-)
    (add_net RELAY_V4+)
    (add_net RELAY_V4-)
  )

  (net_class Connector_Banana ""
    (clearance 0.4)
    (trace_width 1.2)
    (via_dia 3.2)
    (via_drill 0.8)
    (uvia_dia 0.3)
    (uvia_drill 0.1)
    (add_net GND1)
    (add_net GND2)
  )

  (module ArnauldDev_Connector_Banana:SCHUTZINGER_SWEB8094AU-SW_4mm_Horizontal (layer F.Cu) (tedit 5F6386FC) (tstamp 5F659382)
    (at 236.8 100.6 180)
    (descr "Single banana socket, footprint - 4mm drill, https://www.schuetzinger.de/files/sweb_8094_au_110520.pdf")
    (tags "banana socket 4mm")
    (path /5F5F603D)
    (fp_text reference J11 (at 7.4 0 90) (layer F.SilkS)
      (effects (font (size 1 1) (thickness 0.15)))
    )
    (fp_text value Red (at -1.4 8) (layer F.Fab)
      (effects (font (size 1 1) (thickness 0.15)))
    )
    (fp_line (start -27.5 5.5) (end -27.5 -5.5) (layer F.Fab) (width 0.12))
    (fp_line (start -27.5 5.5) (end -13.5 5.5) (layer F.Fab) (width 0.12))
    (fp_line (start -13.5 6) (end -13.5 -6) (layer F.Fab) (width 0.12))
    (fp_line (start -13.5 -6) (end 5.5 -6) (layer F.Fab) (width 0.12))
    (fp_line (start -13.5 6) (end 5.5 6) (layer F.Fab) (width 0.12))
    (fp_line (start -27.5 -6) (end 5.5 -6) (layer F.CrtYd) (width 0.05))
    (fp_line (start -27.5 6) (end 5.5 6) (layer F.CrtYd) (width 0.05))
    (fp_line (start 5.5 6) (end 5.5 -6) (layer F.CrtYd) (width 0.05))
    (fp_line (start -27.5 6) (end -27.5 -6) (layer F.CrtYd) (width 0.05))
    (fp_line (start 5.5 6) (end 5.5 -6) (layer F.Fab) (width 0.12))
    (fp_line (start -27.5 -5.5) (end -13.5 -5.5) (layer F.Fab) (width 0.12))
    (fp_line (start -13.5 -6) (end 5.5 -6) (layer F.SilkS) (width 0.12))
    (fp_line (start -13.5 6) (end 5.5 6) (layer F.SilkS) (width 0.12))
    (fp_line (start 5.5 6) (end 5.5 -6) (layer F.SilkS) (width 0.12))
    (fp_line (start -13.5 6) (end -13.5 -6) (layer F.SilkS) (width 0.12))
    (fp_text user %R (at 0 0) (layer F.Fab)
      (effects (font (size 0.8 0.8) (thickness 0.12)))
    )
    (pad 1 thru_hole circle (at 0 0 180) (size 5 5) (drill 2.2) (layers *.Cu *.Mask)
      (net 26 Keithley_VB))
    (pad "" thru_hole circle (at 3.8 5.08 180) (size 3 3) (drill 1.2) (layers *.Cu *.Mask))
    (pad "" thru_hole circle (at 3.8 -5.08 180) (size 3 3) (drill 1.2) (layers *.Cu *.Mask))
    (pad "" thru_hole circle (at -6.36 5.08 180) (size 3 3) (drill 1.2) (layers *.Cu *.Mask))
    (pad "" thru_hole circle (at -6.36 -5.08 180) (size 3 3) (drill 1.2) (layers *.Cu *.Mask))
    (model ${ARNAULDDEV_SYS3DMOD}/ArnauldDev_Connector_Banana.3dshapes/SCHUTZINGER_SWEB8094AU-SW_4mm_Horizontal.step
      (offset (xyz -13.5 0 5.45))
      (scale (xyz 1 1 1))
      (rotate (xyz 0 180 0))
    )
  )

  (module ArnauldDev_Connector_Banana:SCHUTZINGER_SWEB8094AU-SW_4mm_Horizontal (layer F.Cu) (tedit 5F6386FC) (tstamp 5F65BE77)
    (at 172.4 120.7 90)
    (descr "Single banana socket, footprint - 4mm drill, https://www.schuetzinger.de/files/sweb_8094_au_110520.pdf")
    (tags "banana socket 4mm")
    (path /5F6A5740)
    (fp_text reference J26 (at 7.4 0) (layer F.SilkS)
      (effects (font (size 1 1) (thickness 0.15)))
    )
    (fp_text value Red (at -1.4 8 90) (layer F.Fab)
      (effects (font (size 1 1) (thickness 0.15)))
    )
    (fp_line (start -13.5 6) (end -13.5 -6) (layer F.SilkS) (width 0.12))
    (fp_line (start 5.5 6) (end 5.5 -6) (layer F.SilkS) (width 0.12))
    (fp_line (start -13.5 6) (end 5.5 6) (layer F.SilkS) (width 0.12))
    (fp_line (start -13.5 -6) (end 5.5 -6) (layer F.SilkS) (width 0.12))
    (fp_line (start -27.5 -5.5) (end -13.5 -5.5) (layer F.Fab) (width 0.12))
    (fp_line (start 5.5 6) (end 5.5 -6) (layer F.Fab) (width 0.12))
    (fp_line (start -27.5 6) (end -27.5 -6) (layer F.CrtYd) (width 0.05))
    (fp_line (start 5.5 6) (end 5.5 -6) (layer F.CrtYd) (width 0.05))
    (fp_line (start -27.5 6) (end 5.5 6) (layer F.CrtYd) (width 0.05))
    (fp_line (start -27.5 -6) (end 5.5 -6) (layer F.CrtYd) (width 0.05))
    (fp_line (start -13.5 6) (end 5.5 6) (layer F.Fab) (width 0.12))
    (fp_line (start -13.5 -6) (end 5.5 -6) (layer F.Fab) (width 0.12))
    (fp_line (start -13.5 6) (end -13.5 -6) (layer F.Fab) (width 0.12))
    (fp_line (start -27.5 5.5) (end -13.5 5.5) (layer F.Fab) (width 0.12))
    (fp_line (start -27.5 5.5) (end -27.5 -5.5) (layer F.Fab) (width 0.12))
    (fp_text user %R (at 0 0 90) (layer F.Fab)
      (effects (font (size 0.8 0.8) (thickness 0.12)))
    )
    (pad "" thru_hole circle (at -6.36 -5.08 90) (size 3 3) (drill 1.2) (layers *.Cu *.Mask))
    (pad "" thru_hole circle (at -6.36 5.08 90) (size 3 3) (drill 1.2) (layers *.Cu *.Mask))
    (pad "" thru_hole circle (at 3.8 -5.08 90) (size 3 3) (drill 1.2) (layers *.Cu *.Mask))
    (pad "" thru_hole circle (at 3.8 5.08 90) (size 3 3) (drill 1.2) (layers *.Cu *.Mask))
    (pad 1 thru_hole circle (at 0 0 90) (size 5 5) (drill 2.2) (layers *.Cu *.Mask)
      (net 32 RELAY_V3-))
    (model ${ARNAULDDEV_SYS3DMOD}/ArnauldDev_Connector_Banana.3dshapes/SCHUTZINGER_SWEB8094AU-SW_4mm_Horizontal.step
      (offset (xyz -13.5 0 5.45))
      (scale (xyz 1 1 1))
      (rotate (xyz 0 180 0))
    )
  )

  (module ArnauldDev_Connector_Banana:SCHUTZINGER_SWEB8094AU-SW_4mm_Horizontal (layer F.Cu) (tedit 5F6386FC) (tstamp 5F6BA6A4)
    (at 228.3 51.2 270)
    (descr "Single banana socket, footprint - 4mm drill, https://www.schuetzinger.de/files/sweb_8094_au_110520.pdf")
    (tags "banana socket 4mm")
    (path /5F5F601D)
    (fp_text reference J8 (at 7.4 0) (layer F.SilkS)
      (effects (font (size 1 1) (thickness 0.15)))
    )
    (fp_text value Red (at -1.4 8 90) (layer F.Fab)
      (effects (font (size 1 1) (thickness 0.15)))
    )
    (fp_line (start -27.5 5.5) (end -27.5 -5.5) (layer F.Fab) (width 0.12))
    (fp_line (start -27.5 5.5) (end -13.5 5.5) (layer F.Fab) (width 0.12))
    (fp_line (start -13.5 6) (end -13.5 -6) (layer F.Fab) (width 0.12))
    (fp_line (start -13.5 -6) (end 5.5 -6) (layer F.Fab) (width 0.12))
    (fp_line (start -13.5 6) (end 5.5 6) (layer F.Fab) (width 0.12))
    (fp_line (start -27.5 -6) (end 5.5 -6) (layer F.CrtYd) (width 0.05))
    (fp_line (start -27.5 6) (end 5.5 6) (layer F.CrtYd) (width 0.05))
    (fp_line (start 5.5 6) (end 5.5 -6) (layer F.CrtYd) (width 0.05))
    (fp_line (start -27.5 6) (end -27.5 -6) (layer F.CrtYd) (width 0.05))
    (fp_line (start 5.5 6) (end 5.5 -6) (layer F.Fab) (width 0.12))
    (fp_line (start -27.5 -5.5) (end -13.5 -5.5) (layer F.Fab) (width 0.12))
    (fp_line (start -13.5 -6) (end 5.5 -6) (layer F.SilkS) (width 0.12))
    (fp_line (start -13.5 6) (end 5.5 6) (layer F.SilkS) (width 0.12))
    (fp_line (start 5.5 6) (end 5.5 -6) (layer F.SilkS) (width 0.12))
    (fp_line (start -13.5 6) (end -13.5 -6) (layer F.SilkS) (width 0.12))
    (fp_text user %R (at 0 0 90) (layer F.Fab)
      (effects (font (size 0.8 0.8) (thickness 0.12)))
    )
    (pad 1 thru_hole circle (at 0 0 270) (size 5 5) (drill 2.2) (layers *.Cu *.Mask)
      (net 27 Alim_V4))
    (pad "" thru_hole circle (at 3.8 5.08 270) (size 3 3) (drill 1.2) (layers *.Cu *.Mask))
    (pad "" thru_hole circle (at 3.8 -5.08 270) (size 3 3) (drill 1.2) (layers *.Cu *.Mask))
    (pad "" thru_hole circle (at -6.36 5.08 270) (size 3 3) (drill 1.2) (layers *.Cu *.Mask))
    (pad "" thru_hole circle (at -6.36 -5.08 270) (size 3 3) (drill 1.2) (layers *.Cu *.Mask))
    (model ${ARNAULDDEV_SYS3DMOD}/ArnauldDev_Connector_Banana.3dshapes/SCHUTZINGER_SWEB8094AU-SW_4mm_Horizontal.step
      (offset (xyz -13.5 0 5.45))
      (scale (xyz 1 1 1))
      (rotate (xyz 0 180 0))
    )
  )

  (module ArnauldDev_Connector_Banana:SCHUTZINGER_SWEB8094AU-SW_4mm_Horizontal (layer F.Cu) (tedit 5F6386FC) (tstamp 5F6BA65C)
    (at 55.8 51.2 270)
    (descr "Single banana socket, footprint - 4mm drill, https://www.schuetzinger.de/files/sweb_8094_au_110520.pdf")
    (tags "banana socket 4mm")
    (path /5F61421E)
    (fp_text reference J1 (at 7.4 0) (layer F.SilkS)
      (effects (font (size 1 1) (thickness 0.15)))
    )
    (fp_text value Black (at -1.4 8 90) (layer F.Fab)
      (effects (font (size 1 1) (thickness 0.15)))
    )
    (fp_line (start -13.5 6) (end -13.5 -6) (layer F.SilkS) (width 0.12))
    (fp_line (start 5.5 6) (end 5.5 -6) (layer F.SilkS) (width 0.12))
    (fp_line (start -13.5 6) (end 5.5 6) (layer F.SilkS) (width 0.12))
    (fp_line (start -13.5 -6) (end 5.5 -6) (layer F.SilkS) (width 0.12))
    (fp_line (start -27.5 -5.5) (end -13.5 -5.5) (layer F.Fab) (width 0.12))
    (fp_line (start 5.5 6) (end 5.5 -6) (layer F.Fab) (width 0.12))
    (fp_line (start -27.5 6) (end -27.5 -6) (layer F.CrtYd) (width 0.05))
    (fp_line (start 5.5 6) (end 5.5 -6) (layer F.CrtYd) (width 0.05))
    (fp_line (start -27.5 6) (end 5.5 6) (layer F.CrtYd) (width 0.05))
    (fp_line (start -27.5 -6) (end 5.5 -6) (layer F.CrtYd) (width 0.05))
    (fp_line (start -13.5 6) (end 5.5 6) (layer F.Fab) (width 0.12))
    (fp_line (start -13.5 -6) (end 5.5 -6) (layer F.Fab) (width 0.12))
    (fp_line (start -13.5 6) (end -13.5 -6) (layer F.Fab) (width 0.12))
    (fp_line (start -27.5 5.5) (end -13.5 5.5) (layer F.Fab) (width 0.12))
    (fp_line (start -27.5 5.5) (end -27.5 -5.5) (layer F.Fab) (width 0.12))
    (fp_text user %R (at 0 0 90) (layer F.Fab)
      (effects (font (size 0.8 0.8) (thickness 0.12)))
    )
    (pad "" thru_hole circle (at -6.36 -5.08 270) (size 3 3) (drill 1.2) (layers *.Cu *.Mask))
    (pad "" thru_hole circle (at -6.36 5.08 270) (size 3 3) (drill 1.2) (layers *.Cu *.Mask))
    (pad "" thru_hole circle (at 3.8 -5.08 270) (size 3 3) (drill 1.2) (layers *.Cu *.Mask))
    (pad "" thru_hole circle (at 3.8 5.08 270) (size 3 3) (drill 1.2) (layers *.Cu *.Mask))
    (pad 1 thru_hole circle (at 0 0 270) (size 5 5) (drill 2.2) (layers *.Cu *.Mask)
      (net 10 GND2))
    (model ${ARNAULDDEV_SYS3DMOD}/ArnauldDev_Connector_Banana.3dshapes/SCHUTZINGER_SWEB8094AU-SW_4mm_Horizontal.step
      (offset (xyz -13.5 0 5.45))
      (scale (xyz 1 1 1))
      (rotate (xyz 0 180 0))
    )
  )

  (module LED_THT:LED_D3.0mm (layer F.Cu) (tedit 587A3A7B) (tstamp 5F6BA8BB)
    (at 60.2 66.1 270)
    (descr "LED, diameter 3.0mm, 2 pins")
    (tags "LED diameter 3.0mm 2 pins")
    (path /5F5A8D0A)
    (fp_text reference D1 (at 1.27 -2.96 90) (layer F.SilkS)
      (effects (font (size 1 1) (thickness 0.15)))
    )
    (fp_text value Red (at 1.27 2.96 90) (layer F.Fab)
      (effects (font (size 1 1) (thickness 0.15)))
    )
    (fp_line (start 3.7 -2.25) (end -1.15 -2.25) (layer F.CrtYd) (width 0.05))
    (fp_line (start 3.7 2.25) (end 3.7 -2.25) (layer F.CrtYd) (width 0.05))
    (fp_line (start -1.15 2.25) (end 3.7 2.25) (layer F.CrtYd) (width 0.05))
    (fp_line (start -1.15 -2.25) (end -1.15 2.25) (layer F.CrtYd) (width 0.05))
    (fp_line (start -0.29 1.08) (end -0.29 1.236) (layer F.SilkS) (width 0.12))
    (fp_line (start -0.29 -1.236) (end -0.29 -1.08) (layer F.SilkS) (width 0.12))
    (fp_line (start -0.23 -1.16619) (end -0.23 1.16619) (layer F.Fab) (width 0.1))
    (fp_circle (center 1.27 0) (end 2.77 0) (layer F.Fab) (width 0.1))
    (fp_arc (start 1.27 0) (end -0.23 -1.16619) (angle 284.3) (layer F.Fab) (width 0.1))
    (fp_arc (start 1.27 0) (end -0.29 -1.235516) (angle 108.8) (layer F.SilkS) (width 0.12))
    (fp_arc (start 1.27 0) (end -0.29 1.235516) (angle -108.8) (layer F.SilkS) (width 0.12))
    (fp_arc (start 1.27 0) (end 0.229039 -1.08) (angle 87.9) (layer F.SilkS) (width 0.12))
    (fp_arc (start 1.27 0) (end 0.229039 1.08) (angle -87.9) (layer F.SilkS) (width 0.12))
    (pad 1 thru_hole rect (at 0 0 270) (size 1.8 1.8) (drill 0.9) (layers *.Cu *.Mask)
      (net 1 GND1))
    (pad 2 thru_hole circle (at 2.54 0 270) (size 1.8 1.8) (drill 0.9) (layers *.Cu *.Mask)
      (net 2 "Net-(D1-Pad2)"))
    (model ${KISYS3DMOD}/LED_THT.3dshapes/LED_D3.0mm.wrl
      (at (xyz 0 0 0))
      (scale (xyz 1 1 1))
      (rotate (xyz 0 0 0))
    )
  )

  (module LED_THT:LED_D3.0mm (layer F.Cu) (tedit 587A3A7B) (tstamp 5F6B9345)
    (at 72.7 66.1 270)
    (descr "LED, diameter 3.0mm, 2 pins")
    (tags "LED diameter 3.0mm 2 pins")
    (path /5F5AE562)
    (fp_text reference D2 (at 1.27 -2.96 90) (layer F.SilkS)
      (effects (font (size 1 1) (thickness 0.15)))
    )
    (fp_text value Green (at 1.27 2.96 90) (layer F.Fab)
      (effects (font (size 1 1) (thickness 0.15)))
    )
    (fp_circle (center 1.27 0) (end 2.77 0) (layer F.Fab) (width 0.1))
    (fp_line (start -0.23 -1.16619) (end -0.23 1.16619) (layer F.Fab) (width 0.1))
    (fp_line (start -0.29 -1.236) (end -0.29 -1.08) (layer F.SilkS) (width 0.12))
    (fp_line (start -0.29 1.08) (end -0.29 1.236) (layer F.SilkS) (width 0.12))
    (fp_line (start -1.15 -2.25) (end -1.15 2.25) (layer F.CrtYd) (width 0.05))
    (fp_line (start -1.15 2.25) (end 3.7 2.25) (layer F.CrtYd) (width 0.05))
    (fp_line (start 3.7 2.25) (end 3.7 -2.25) (layer F.CrtYd) (width 0.05))
    (fp_line (start 3.7 -2.25) (end -1.15 -2.25) (layer F.CrtYd) (width 0.05))
    (fp_arc (start 1.27 0) (end 0.229039 1.08) (angle -87.9) (layer F.SilkS) (width 0.12))
    (fp_arc (start 1.27 0) (end 0.229039 -1.08) (angle 87.9) (layer F.SilkS) (width 0.12))
    (fp_arc (start 1.27 0) (end -0.29 1.235516) (angle -108.8) (layer F.SilkS) (width 0.12))
    (fp_arc (start 1.27 0) (end -0.29 -1.235516) (angle 108.8) (layer F.SilkS) (width 0.12))
    (fp_arc (start 1.27 0) (end -0.23 -1.16619) (angle 284.3) (layer F.Fab) (width 0.1))
    (pad 2 thru_hole circle (at 2.54 0 270) (size 1.8 1.8) (drill 0.9) (layers *.Cu *.Mask)
      (net 3 "Net-(D2-Pad2)"))
    (pad 1 thru_hole rect (at 0 0 270) (size 1.8 1.8) (drill 0.9) (layers *.Cu *.Mask)
      (net 1 GND1))
    (model ${KISYS3DMOD}/LED_THT.3dshapes/LED_D3.0mm.wrl
      (at (xyz 0 0 0))
      (scale (xyz 1 1 1))
      (rotate (xyz 0 0 0))
    )
  )

  (module LED_THT:LED_D3.0mm (layer F.Cu) (tedit 587A3A7B) (tstamp 5F6B9453)
    (at 106.2 66.1 270)
    (descr "LED, diameter 3.0mm, 2 pins")
    (tags "LED diameter 3.0mm 2 pins")
    (path /5F5C0336)
    (fp_text reference D3 (at 1.27 -2.96 90) (layer F.SilkS)
      (effects (font (size 1 1) (thickness 0.15)))
    )
    (fp_text value Red (at 1.27 2.96 90) (layer F.Fab)
      (effects (font (size 1 1) (thickness 0.15)))
    )
    (fp_line (start 3.7 -2.25) (end -1.15 -2.25) (layer F.CrtYd) (width 0.05))
    (fp_line (start 3.7 2.25) (end 3.7 -2.25) (layer F.CrtYd) (width 0.05))
    (fp_line (start -1.15 2.25) (end 3.7 2.25) (layer F.CrtYd) (width 0.05))
    (fp_line (start -1.15 -2.25) (end -1.15 2.25) (layer F.CrtYd) (width 0.05))
    (fp_line (start -0.29 1.08) (end -0.29 1.236) (layer F.SilkS) (width 0.12))
    (fp_line (start -0.29 -1.236) (end -0.29 -1.08) (layer F.SilkS) (width 0.12))
    (fp_line (start -0.23 -1.16619) (end -0.23 1.16619) (layer F.Fab) (width 0.1))
    (fp_circle (center 1.27 0) (end 2.77 0) (layer F.Fab) (width 0.1))
    (fp_arc (start 1.27 0) (end -0.23 -1.16619) (angle 284.3) (layer F.Fab) (width 0.1))
    (fp_arc (start 1.27 0) (end -0.29 -1.235516) (angle 108.8) (layer F.SilkS) (width 0.12))
    (fp_arc (start 1.27 0) (end -0.29 1.235516) (angle -108.8) (layer F.SilkS) (width 0.12))
    (fp_arc (start 1.27 0) (end 0.229039 -1.08) (angle 87.9) (layer F.SilkS) (width 0.12))
    (fp_arc (start 1.27 0) (end 0.229039 1.08) (angle -87.9) (layer F.SilkS) (width 0.12))
    (pad 1 thru_hole rect (at 0 0 270) (size 1.8 1.8) (drill 0.9) (layers *.Cu *.Mask)
      (net 1 GND1))
    (pad 2 thru_hole circle (at 2.54 0 270) (size 1.8 1.8) (drill 0.9) (layers *.Cu *.Mask)
      (net 4 "Net-(D3-Pad2)"))
    (model ${KISYS3DMOD}/LED_THT.3dshapes/LED_D3.0mm.wrl
      (at (xyz 0 0 0))
      (scale (xyz 1 1 1))
      (rotate (xyz 0 0 0))
    )
  )

  (module LED_THT:LED_D3.0mm (layer F.Cu) (tedit 587A3A7B) (tstamp 5F6B930F)
    (at 118.7 66.1 270)
    (descr "LED, diameter 3.0mm, 2 pins")
    (tags "LED diameter 3.0mm 2 pins")
    (path /5F5C033D)
    (fp_text reference D4 (at 1.27 -2.96 90) (layer F.SilkS)
      (effects (font (size 1 1) (thickness 0.15)))
    )
    (fp_text value Green (at 1.27 2.96 90) (layer F.Fab)
      (effects (font (size 1 1) (thickness 0.15)))
    )
    (fp_circle (center 1.27 0) (end 2.77 0) (layer F.Fab) (width 0.1))
    (fp_line (start -0.23 -1.16619) (end -0.23 1.16619) (layer F.Fab) (width 0.1))
    (fp_line (start -0.29 -1.236) (end -0.29 -1.08) (layer F.SilkS) (width 0.12))
    (fp_line (start -0.29 1.08) (end -0.29 1.236) (layer F.SilkS) (width 0.12))
    (fp_line (start -1.15 -2.25) (end -1.15 2.25) (layer F.CrtYd) (width 0.05))
    (fp_line (start -1.15 2.25) (end 3.7 2.25) (layer F.CrtYd) (width 0.05))
    (fp_line (start 3.7 2.25) (end 3.7 -2.25) (layer F.CrtYd) (width 0.05))
    (fp_line (start 3.7 -2.25) (end -1.15 -2.25) (layer F.CrtYd) (width 0.05))
    (fp_arc (start 1.27 0) (end 0.229039 1.08) (angle -87.9) (layer F.SilkS) (width 0.12))
    (fp_arc (start 1.27 0) (end 0.229039 -1.08) (angle 87.9) (layer F.SilkS) (width 0.12))
    (fp_arc (start 1.27 0) (end -0.29 1.235516) (angle -108.8) (layer F.SilkS) (width 0.12))
    (fp_arc (start 1.27 0) (end -0.29 -1.235516) (angle 108.8) (layer F.SilkS) (width 0.12))
    (fp_arc (start 1.27 0) (end -0.23 -1.16619) (angle 284.3) (layer F.Fab) (width 0.1))
    (pad 2 thru_hole circle (at 2.54 0 270) (size 1.8 1.8) (drill 0.9) (layers *.Cu *.Mask)
      (net 5 "Net-(D4-Pad2)"))
    (pad 1 thru_hole rect (at 0 0 270) (size 1.8 1.8) (drill 0.9) (layers *.Cu *.Mask)
      (net 1 GND1))
    (model ${KISYS3DMOD}/LED_THT.3dshapes/LED_D3.0mm.wrl
      (at (xyz 0 0 0))
      (scale (xyz 1 1 1))
      (rotate (xyz 0 0 0))
    )
  )

  (module LED_THT:LED_D3.0mm (layer F.Cu) (tedit 587A3A7B) (tstamp 5F6B941D)
    (at 156.7 66.1 270)
    (descr "LED, diameter 3.0mm, 2 pins")
    (tags "LED diameter 3.0mm 2 pins")
    (path /5F5F5FF1)
    (fp_text reference D5 (at 1.27 -2.96 90) (layer F.SilkS)
      (effects (font (size 1 1) (thickness 0.15)))
    )
    (fp_text value Red (at 1.27 2.96 90) (layer F.Fab)
      (effects (font (size 1 1) (thickness 0.15)))
    )
    (fp_line (start 3.7 -2.25) (end -1.15 -2.25) (layer F.CrtYd) (width 0.05))
    (fp_line (start 3.7 2.25) (end 3.7 -2.25) (layer F.CrtYd) (width 0.05))
    (fp_line (start -1.15 2.25) (end 3.7 2.25) (layer F.CrtYd) (width 0.05))
    (fp_line (start -1.15 -2.25) (end -1.15 2.25) (layer F.CrtYd) (width 0.05))
    (fp_line (start -0.29 1.08) (end -0.29 1.236) (layer F.SilkS) (width 0.12))
    (fp_line (start -0.29 -1.236) (end -0.29 -1.08) (layer F.SilkS) (width 0.12))
    (fp_line (start -0.23 -1.16619) (end -0.23 1.16619) (layer F.Fab) (width 0.1))
    (fp_circle (center 1.27 0) (end 2.77 0) (layer F.Fab) (width 0.1))
    (fp_arc (start 1.27 0) (end -0.23 -1.16619) (angle 284.3) (layer F.Fab) (width 0.1))
    (fp_arc (start 1.27 0) (end -0.29 -1.235516) (angle 108.8) (layer F.SilkS) (width 0.12))
    (fp_arc (start 1.27 0) (end -0.29 1.235516) (angle -108.8) (layer F.SilkS) (width 0.12))
    (fp_arc (start 1.27 0) (end 0.229039 -1.08) (angle 87.9) (layer F.SilkS) (width 0.12))
    (fp_arc (start 1.27 0) (end 0.229039 1.08) (angle -87.9) (layer F.SilkS) (width 0.12))
    (pad 1 thru_hole rect (at 0 0 270) (size 1.8 1.8) (drill 0.9) (layers *.Cu *.Mask)
      (net 1 GND1))
    (pad 2 thru_hole circle (at 2.54 0 270) (size 1.8 1.8) (drill 0.9) (layers *.Cu *.Mask)
      (net 6 "Net-(D5-Pad2)"))
    (model ${KISYS3DMOD}/LED_THT.3dshapes/LED_D3.0mm.wrl
      (at (xyz 0 0 0))
      (scale (xyz 1 1 1))
      (rotate (xyz 0 0 0))
    )
  )

  (module LED_THT:LED_D3.0mm (layer F.Cu) (tedit 587A3A7B) (tstamp 5F6B93B1)
    (at 169.2 66.1 270)
    (descr "LED, diameter 3.0mm, 2 pins")
    (tags "LED diameter 3.0mm 2 pins")
    (path /5F5F5FF8)
    (fp_text reference D6 (at 1.27 -2.96 90) (layer F.SilkS)
      (effects (font (size 1 1) (thickness 0.15)))
    )
    (fp_text value Green (at 1.27 2.96 90) (layer F.Fab)
      (effects (font (size 1 1) (thickness 0.15)))
    )
    (fp_circle (center 1.27 0) (end 2.77 0) (layer F.Fab) (width 0.1))
    (fp_line (start -0.23 -1.16619) (end -0.23 1.16619) (layer F.Fab) (width 0.1))
    (fp_line (start -0.29 -1.236) (end -0.29 -1.08) (layer F.SilkS) (width 0.12))
    (fp_line (start -0.29 1.08) (end -0.29 1.236) (layer F.SilkS) (width 0.12))
    (fp_line (start -1.15 -2.25) (end -1.15 2.25) (layer F.CrtYd) (width 0.05))
    (fp_line (start -1.15 2.25) (end 3.7 2.25) (layer F.CrtYd) (width 0.05))
    (fp_line (start 3.7 2.25) (end 3.7 -2.25) (layer F.CrtYd) (width 0.05))
    (fp_line (start 3.7 -2.25) (end -1.15 -2.25) (layer F.CrtYd) (width 0.05))
    (fp_arc (start 1.27 0) (end 0.229039 1.08) (angle -87.9) (layer F.SilkS) (width 0.12))
    (fp_arc (start 1.27 0) (end 0.229039 -1.08) (angle 87.9) (layer F.SilkS) (width 0.12))
    (fp_arc (start 1.27 0) (end -0.29 1.235516) (angle -108.8) (layer F.SilkS) (width 0.12))
    (fp_arc (start 1.27 0) (end -0.29 -1.235516) (angle 108.8) (layer F.SilkS) (width 0.12))
    (fp_arc (start 1.27 0) (end -0.23 -1.16619) (angle 284.3) (layer F.Fab) (width 0.1))
    (pad 2 thru_hole circle (at 2.54 0 270) (size 1.8 1.8) (drill 0.9) (layers *.Cu *.Mask)
      (net 7 "Net-(D6-Pad2)"))
    (pad 1 thru_hole rect (at 0 0 270) (size 1.8 1.8) (drill 0.9) (layers *.Cu *.Mask)
      (net 1 GND1))
    (model ${KISYS3DMOD}/LED_THT.3dshapes/LED_D3.0mm.wrl
      (at (xyz 0 0 0))
      (scale (xyz 1 1 1))
      (rotate (xyz 0 0 0))
    )
  )

  (module LED_THT:LED_D3.0mm (layer F.Cu) (tedit 587A3A7B) (tstamp 5F6B937B)
    (at 205.2 66.1 270)
    (descr "LED, diameter 3.0mm, 2 pins")
    (tags "LED diameter 3.0mm 2 pins")
    (path /5F5F602C)
    (fp_text reference D7 (at 1.27 -2.96 90) (layer F.SilkS)
      (effects (font (size 1 1) (thickness 0.15)))
    )
    (fp_text value Red (at 1.27 2.96 90) (layer F.Fab)
      (effects (font (size 1 1) (thickness 0.15)))
    )
    (fp_circle (center 1.27 0) (end 2.77 0) (layer F.Fab) (width 0.1))
    (fp_line (start -0.23 -1.16619) (end -0.23 1.16619) (layer F.Fab) (width 0.1))
    (fp_line (start -0.29 -1.236) (end -0.29 -1.08) (layer F.SilkS) (width 0.12))
    (fp_line (start -0.29 1.08) (end -0.29 1.236) (layer F.SilkS) (width 0.12))
    (fp_line (start -1.15 -2.25) (end -1.15 2.25) (layer F.CrtYd) (width 0.05))
    (fp_line (start -1.15 2.25) (end 3.7 2.25) (layer F.CrtYd) (width 0.05))
    (fp_line (start 3.7 2.25) (end 3.7 -2.25) (layer F.CrtYd) (width 0.05))
    (fp_line (start 3.7 -2.25) (end -1.15 -2.25) (layer F.CrtYd) (width 0.05))
    (fp_arc (start 1.27 0) (end 0.229039 1.08) (angle -87.9) (layer F.SilkS) (width 0.12))
    (fp_arc (start 1.27 0) (end 0.229039 -1.08) (angle 87.9) (layer F.SilkS) (width 0.12))
    (fp_arc (start 1.27 0) (end -0.29 1.235516) (angle -108.8) (layer F.SilkS) (width 0.12))
    (fp_arc (start 1.27 0) (end -0.29 -1.235516) (angle 108.8) (layer F.SilkS) (width 0.12))
    (fp_arc (start 1.27 0) (end -0.23 -1.16619) (angle 284.3) (layer F.Fab) (width 0.1))
    (pad 2 thru_hole circle (at 2.54 0 270) (size 1.8 1.8) (drill 0.9) (layers *.Cu *.Mask)
      (net 8 "Net-(D7-Pad2)"))
    (pad 1 thru_hole rect (at 0 0 270) (size 1.8 1.8) (drill 0.9) (layers *.Cu *.Mask)
      (net 1 GND1))
    (model ${KISYS3DMOD}/LED_THT.3dshapes/LED_D3.0mm.wrl
      (at (xyz 0 0 0))
      (scale (xyz 1 1 1))
      (rotate (xyz 0 0 0))
    )
  )

  (module LED_THT:LED_D3.0mm (layer F.Cu) (tedit 587A3A7B) (tstamp 5F6B93E7)
    (at 217.7 66.1 270)
    (descr "LED, diameter 3.0mm, 2 pins")
    (tags "LED diameter 3.0mm 2 pins")
    (path /5F5F6025)
    (fp_text reference D8 (at 1.27 -2.96 90) (layer F.SilkS)
      (effects (font (size 1 1) (thickness 0.15)))
    )
    (fp_text value Green (at 1.27 2.96 90) (layer F.Fab)
      (effects (font (size 1 1) (thickness 0.15)))
    )
    (fp_line (start 3.7 -2.25) (end -1.15 -2.25) (layer F.CrtYd) (width 0.05))
    (fp_line (start 3.7 2.25) (end 3.7 -2.25) (layer F.CrtYd) (width 0.05))
    (fp_line (start -1.15 2.25) (end 3.7 2.25) (layer F.CrtYd) (width 0.05))
    (fp_line (start -1.15 -2.25) (end -1.15 2.25) (layer F.CrtYd) (width 0.05))
    (fp_line (start -0.29 1.08) (end -0.29 1.236) (layer F.SilkS) (width 0.12))
    (fp_line (start -0.29 -1.236) (end -0.29 -1.08) (layer F.SilkS) (width 0.12))
    (fp_line (start -0.23 -1.16619) (end -0.23 1.16619) (layer F.Fab) (width 0.1))
    (fp_circle (center 1.27 0) (end 2.77 0) (layer F.Fab) (width 0.1))
    (fp_arc (start 1.27 0) (end -0.23 -1.16619) (angle 284.3) (layer F.Fab) (width 0.1))
    (fp_arc (start 1.27 0) (end -0.29 -1.235516) (angle 108.8) (layer F.SilkS) (width 0.12))
    (fp_arc (start 1.27 0) (end -0.29 1.235516) (angle -108.8) (layer F.SilkS) (width 0.12))
    (fp_arc (start 1.27 0) (end 0.229039 -1.08) (angle 87.9) (layer F.SilkS) (width 0.12))
    (fp_arc (start 1.27 0) (end 0.229039 1.08) (angle -87.9) (layer F.SilkS) (width 0.12))
    (pad 1 thru_hole rect (at 0 0 270) (size 1.8 1.8) (drill 0.9) (layers *.Cu *.Mask)
      (net 1 GND1))
    (pad 2 thru_hole circle (at 2.54 0 270) (size 1.8 1.8) (drill 0.9) (layers *.Cu *.Mask)
      (net 9 "Net-(D8-Pad2)"))
    (model ${KISYS3DMOD}/LED_THT.3dshapes/LED_D3.0mm.wrl
      (at (xyz 0 0 0))
      (scale (xyz 1 1 1))
      (rotate (xyz 0 0 0))
    )
  )

  (module ArnauldDev_Connector_Banana:SCHUTZINGER_SWEB8094AU-SW_4mm_Horizontal (layer F.Cu) (tedit 5F6386FC) (tstamp 5F6BA77C)
    (at 76.157142 51.2 270)
    (descr "Single banana socket, footprint - 4mm drill, https://www.schuetzinger.de/files/sweb_8094_au_110520.pdf")
    (tags "banana socket 4mm")
    (path /5F5A7FAB)
    (fp_text reference J2 (at 7.4 0) (layer F.SilkS)
      (effects (font (size 1 1) (thickness 0.15)))
    )
    (fp_text value Red (at -1.4 8 90) (layer F.Fab)
      (effects (font (size 1 1) (thickness 0.15)))
    )
    (fp_line (start -13.5 6) (end -13.5 -6) (layer F.SilkS) (width 0.12))
    (fp_line (start 5.5 6) (end 5.5 -6) (layer F.SilkS) (width 0.12))
    (fp_line (start -13.5 6) (end 5.5 6) (layer F.SilkS) (width 0.12))
    (fp_line (start -13.5 -6) (end 5.5 -6) (layer F.SilkS) (width 0.12))
    (fp_line (start -27.5 -5.5) (end -13.5 -5.5) (layer F.Fab) (width 0.12))
    (fp_line (start 5.5 6) (end 5.5 -6) (layer F.Fab) (width 0.12))
    (fp_line (start -27.5 6) (end -27.5 -6) (layer F.CrtYd) (width 0.05))
    (fp_line (start 5.5 6) (end 5.5 -6) (layer F.CrtYd) (width 0.05))
    (fp_line (start -27.5 6) (end 5.5 6) (layer F.CrtYd) (width 0.05))
    (fp_line (start -27.5 -6) (end 5.5 -6) (layer F.CrtYd) (width 0.05))
    (fp_line (start -13.5 6) (end 5.5 6) (layer F.Fab) (width 0.12))
    (fp_line (start -13.5 -6) (end 5.5 -6) (layer F.Fab) (width 0.12))
    (fp_line (start -13.5 6) (end -13.5 -6) (layer F.Fab) (width 0.12))
    (fp_line (start -27.5 5.5) (end -13.5 5.5) (layer F.Fab) (width 0.12))
    (fp_line (start -27.5 5.5) (end -27.5 -5.5) (layer F.Fab) (width 0.12))
    (fp_text user %R (at 0 0 90) (layer F.Fab)
      (effects (font (size 0.8 0.8) (thickness 0.12)))
    )
    (pad "" thru_hole circle (at -6.36 -5.08 270) (size 3 3) (drill 1.2) (layers *.Cu *.Mask))
    (pad "" thru_hole circle (at -6.36 5.08 270) (size 3 3) (drill 1.2) (layers *.Cu *.Mask))
    (pad "" thru_hole circle (at 3.8 -5.08 270) (size 3 3) (drill 1.2) (layers *.Cu *.Mask))
    (pad "" thru_hole circle (at 3.8 5.08 270) (size 3 3) (drill 1.2) (layers *.Cu *.Mask))
    (pad 1 thru_hole circle (at 0 0 270) (size 5 5) (drill 2.2) (layers *.Cu *.Mask)
      (net 19 Alim_V1))
    (model ${ARNAULDDEV_SYS3DMOD}/ArnauldDev_Connector_Banana.3dshapes/SCHUTZINGER_SWEB8094AU-SW_4mm_Horizontal.step
      (offset (xyz -13.5 0 5.45))
      (scale (xyz 1 1 1))
      (rotate (xyz 0 180 0))
    )
  )

  (module ArnauldDev_Connector_Banana:SCHUTZINGER_SWEB8094AU-SW_4mm_Horizontal (layer F.Cu) (tedit 5F6386FC) (tstamp 5F6BA80C)
    (at 207.942852 51.2 270)
    (descr "Single banana socket, footprint - 4mm drill, https://www.schuetzinger.de/files/sweb_8094_au_110520.pdf")
    (tags "banana socket 4mm")
    (path /5F68ED51)
    (fp_text reference J7 (at 7.4 0) (layer F.SilkS)
      (effects (font (size 1 1) (thickness 0.15)))
    )
    (fp_text value Black (at -1.4 8 90) (layer F.Fab)
      (effects (font (size 1 1) (thickness 0.15)))
    )
    (fp_line (start -27.5 5.5) (end -27.5 -5.5) (layer F.Fab) (width 0.12))
    (fp_line (start -27.5 5.5) (end -13.5 5.5) (layer F.Fab) (width 0.12))
    (fp_line (start -13.5 6) (end -13.5 -6) (layer F.Fab) (width 0.12))
    (fp_line (start -13.5 -6) (end 5.5 -6) (layer F.Fab) (width 0.12))
    (fp_line (start -13.5 6) (end 5.5 6) (layer F.Fab) (width 0.12))
    (fp_line (start -27.5 -6) (end 5.5 -6) (layer F.CrtYd) (width 0.05))
    (fp_line (start -27.5 6) (end 5.5 6) (layer F.CrtYd) (width 0.05))
    (fp_line (start 5.5 6) (end 5.5 -6) (layer F.CrtYd) (width 0.05))
    (fp_line (start -27.5 6) (end -27.5 -6) (layer F.CrtYd) (width 0.05))
    (fp_line (start 5.5 6) (end 5.5 -6) (layer F.Fab) (width 0.12))
    (fp_line (start -27.5 -5.5) (end -13.5 -5.5) (layer F.Fab) (width 0.12))
    (fp_line (start -13.5 -6) (end 5.5 -6) (layer F.SilkS) (width 0.12))
    (fp_line (start -13.5 6) (end 5.5 6) (layer F.SilkS) (width 0.12))
    (fp_line (start 5.5 6) (end 5.5 -6) (layer F.SilkS) (width 0.12))
    (fp_line (start -13.5 6) (end -13.5 -6) (layer F.SilkS) (width 0.12))
    (fp_text user %R (at 0 0 90) (layer F.Fab)
      (effects (font (size 0.8 0.8) (thickness 0.12)))
    )
    (pad 1 thru_hole circle (at 0 0 270) (size 5 5) (drill 2.2) (layers *.Cu *.Mask)
      (net 10 GND2))
    (pad "" thru_hole circle (at 3.8 5.08 270) (size 3 3) (drill 1.2) (layers *.Cu *.Mask))
    (pad "" thru_hole circle (at 3.8 -5.08 270) (size 3 3) (drill 1.2) (layers *.Cu *.Mask))
    (pad "" thru_hole circle (at -6.36 5.08 270) (size 3 3) (drill 1.2) (layers *.Cu *.Mask))
    (pad "" thru_hole circle (at -6.36 -5.08 270) (size 3 3) (drill 1.2) (layers *.Cu *.Mask))
    (model ${ARNAULDDEV_SYS3DMOD}/ArnauldDev_Connector_Banana.3dshapes/SCHUTZINGER_SWEB8094AU-SW_4mm_Horizontal.step
      (offset (xyz -13.5 0 5.45))
      (scale (xyz 1 1 1))
      (rotate (xyz 0 180 0))
    )
  )

  (module ArnauldDev_Connector_Banana:SCHUTZINGER_SWEB8094AU-SW_4mm_Horizontal (layer F.Cu) (tedit 5F6386FC) (tstamp 5F6593CA)
    (at 236.8 85.6 180)
    (descr "Single banana socket, footprint - 4mm drill, https://www.schuetzinger.de/files/sweb_8094_au_110520.pdf")
    (tags "banana socket 4mm")
    (path /5F613E51)
    (fp_text reference J10 (at 7.4 0 90) (layer F.SilkS)
      (effects (font (size 1 1) (thickness 0.15)))
    )
    (fp_text value Black (at -1.4 8) (layer F.Fab)
      (effects (font (size 1 1) (thickness 0.15)))
    )
    (fp_line (start -27.5 5.5) (end -27.5 -5.5) (layer F.Fab) (width 0.12))
    (fp_line (start -27.5 5.5) (end -13.5 5.5) (layer F.Fab) (width 0.12))
    (fp_line (start -13.5 6) (end -13.5 -6) (layer F.Fab) (width 0.12))
    (fp_line (start -13.5 -6) (end 5.5 -6) (layer F.Fab) (width 0.12))
    (fp_line (start -13.5 6) (end 5.5 6) (layer F.Fab) (width 0.12))
    (fp_line (start -27.5 -6) (end 5.5 -6) (layer F.CrtYd) (width 0.05))
    (fp_line (start -27.5 6) (end 5.5 6) (layer F.CrtYd) (width 0.05))
    (fp_line (start 5.5 6) (end 5.5 -6) (layer F.CrtYd) (width 0.05))
    (fp_line (start -27.5 6) (end -27.5 -6) (layer F.CrtYd) (width 0.05))
    (fp_line (start 5.5 6) (end 5.5 -6) (layer F.Fab) (width 0.12))
    (fp_line (start -27.5 -5.5) (end -13.5 -5.5) (layer F.Fab) (width 0.12))
    (fp_line (start -13.5 -6) (end 5.5 -6) (layer F.SilkS) (width 0.12))
    (fp_line (start -13.5 6) (end 5.5 6) (layer F.SilkS) (width 0.12))
    (fp_line (start 5.5 6) (end 5.5 -6) (layer F.SilkS) (width 0.12))
    (fp_line (start -13.5 6) (end -13.5 -6) (layer F.SilkS) (width 0.12))
    (fp_text user %R (at 0 0) (layer F.Fab)
      (effects (font (size 0.8 0.8) (thickness 0.12)))
    )
    (pad 1 thru_hole circle (at 0 0 180) (size 5 5) (drill 2.2) (layers *.Cu *.Mask)
      (net 10 GND2))
    (pad "" thru_hole circle (at 3.8 5.08 180) (size 3 3) (drill 1.2) (layers *.Cu *.Mask))
    (pad "" thru_hole circle (at 3.8 -5.08 180) (size 3 3) (drill 1.2) (layers *.Cu *.Mask))
    (pad "" thru_hole circle (at -6.36 5.08 180) (size 3 3) (drill 1.2) (layers *.Cu *.Mask))
    (pad "" thru_hole circle (at -6.36 -5.08 180) (size 3 3) (drill 1.2) (layers *.Cu *.Mask))
    (model ${ARNAULDDEV_SYS3DMOD}/ArnauldDev_Connector_Banana.3dshapes/SCHUTZINGER_SWEB8094AU-SW_4mm_Horizontal.step
      (offset (xyz -13.5 0 5.45))
      (scale (xyz 1 1 1))
      (rotate (xyz 0 180 0))
    )
  )

  (module ArnauldDev_Button_Switch_THT:SW_TME_1MD3T1B1M1QE_DPDT_Straight (layer F.Cu) (tedit 5F635DBA) (tstamp 5F65A0E8)
    (at 71.5 81.03 180)
    (descr "Interrupteur à levier, DPDT, On-Off-On, 2RT, 5 A @ 28 V c.c., https://www.tme.eu/en/details/1md3t1b1m1qe/toggle-switches/")
    (tags "switch DPDT")
    (path /5F5A1533)
    (fp_text reference SW1 (at 4.71 -4.41) (layer F.SilkS)
      (effects (font (size 1 1) (thickness 0.15)))
    )
    (fp_text value "Switch On-Off-On" (at 4.71 9.37) (layer F.Fab)
      (effects (font (size 1 1) (thickness 0.15)))
    )
    (fp_line (start 11.05 8.115) (end 11.05 -3.31) (layer F.CrtYd) (width 0.05))
    (fp_line (start -0.72 4.83) (end 0.67 4.83) (layer Dwgs.User) (width 0.12))
    (fp_line (start -0.65 -3.32) (end -1.65 -2.32) (layer F.Fab) (width 0.1))
    (fp_line (start -1.65 8.115) (end -1.65 -3.31) (layer F.CrtYd) (width 0.05))
    (fp_line (start -1.65 -3.31) (end 11.05 -3.31) (layer F.CrtYd) (width 0.05))
    (fp_line (start -1.65 8.115) (end 11.05 8.115) (layer F.CrtYd) (width 0.05))
    (fp_line (start -1.3 -2.4) (end -1.3 -1.2) (layer F.SilkS) (width 0.12))
    (fp_line (start -0.1 -2.4) (end -1.3 -2.4) (layer F.SilkS) (width 0.12))
    (fp_line (start 11.05 8.12) (end 9.85 8.12) (layer F.SilkS) (width 0.12))
    (fp_line (start 11.05 -3.315) (end 11.05 8.12) (layer F.SilkS) (width 0.12))
    (fp_line (start 9.85 -3.32) (end 11.05 -3.32) (layer F.SilkS) (width 0.12))
    (fp_line (start -1.65 8.12) (end -0.45 8.12) (layer F.SilkS) (width 0.12))
    (fp_line (start -1.65 -3.315) (end -1.65 8.12) (layer F.SilkS) (width 0.12))
    (fp_line (start -0.45 -3.32) (end -1.65 -3.32) (layer F.SilkS) (width 0.12))
    (fp_line (start -1.65 8.11) (end -1.65 -2.32) (layer F.Fab) (width 0.1))
    (fp_line (start 11.05 8.11) (end -1.65 8.11) (layer F.Fab) (width 0.1))
    (fp_line (start 11.05 -3.32) (end 11.05 8.11) (layer F.Fab) (width 0.1))
    (fp_line (start -0.65 -3.32) (end 11.05 -3.32) (layer F.Fab) (width 0.1))
    (fp_text user %R (at 4.7 2.4) (layer F.Fab)
      (effects (font (size 1 1) (thickness 0.15)))
    )
    (pad 6 thru_hole oval (at 9.4 4.83 180) (size 1.8 3) (drill 1.3 (offset 0 0.5)) (layers *.Cu *.Mask)
      (net 22 Keithley_VA))
    (pad 5 thru_hole oval (at 4.7 4.83 180) (size 1.8 3) (drill 1.3 (offset 0 0.5)) (layers *.Cu *.Mask)
      (net 21 RELAY_V1+))
    (pad 4 thru_hole oval (at 0 4.83 180) (size 1.8 3) (drill 1.3 (offset 0 0.5)) (layers *.Cu *.Mask)
      (net 19 Alim_V1))
    (pad 3 thru_hole oval (at 9.4 0 180) (size 1.8 3) (drill 1.3 (offset 0 -0.5)) (layers *.Cu *.Mask)
      (net 12 "Net-(R2-Pad2)"))
    (pad 2 thru_hole oval (at 4.7 0 180) (size 1.8 3) (drill 1.3 (offset 0 -0.5)) (layers *.Cu *.Mask)
      (net 23 +5V))
    (pad 1 thru_hole rect (at 0 0 180) (size 2 3) (drill 1.3 (offset 0 -0.5)) (layers *.Cu *.Mask)
      (net 11 "Net-(R1-Pad2)"))
    (model ${ARNAULDDEV_SYS3DMOD}/ArnauldDev_Button_Switch_THT.3dshapes/SW_DPDT_11.43x12.70mm_W4.83mm_P4.70mm_Straight.step
      (offset (xyz 4.66 -2.42 0.55))
      (scale (xyz 1 1 1))
      (rotate (xyz -90 0 0))
    )
  )

  (module ArnauldDev_Button_Switch_THT:SW_TME_1MD3T1B1M1QE_DPDT_Straight (layer F.Cu) (tedit 5F635DBA) (tstamp 5F65750E)
    (at 117.433333 81.03 180)
    (descr "Interrupteur à levier, DPDT, On-Off-On, 2RT, 5 A @ 28 V c.c., https://www.tme.eu/en/details/1md3t1b1m1qe/toggle-switches/")
    (tags "switch DPDT")
    (path /5F5C0307)
